N_TAG_1:3762.0
N_TAG_1_err:63.0
N_TAG_2:264.0
N_TAG_2_err:16.0
p_1:0.609
p_21:0.981
p_22:1.000
ftt_1:0.122
ftt_2:0.532
e_b_11:0.49793
e_b_11_err:0.00464
e_b_21:0.51751
e_b_21_err:0.01512
e_b_22:0.26472
e_b_22_err:0.01336
e_l_1:0.62465
e_l_1_err:0.00351
e_l_2:0.64243
e_l_2_err:0.01150
e_r_11:0.726847
e_r_11_err:0.00297975
e_r_21:0.106665
e_r_21_err:0.00727993
e_r_12:0.0113629
e_r_12_err:0.000739879
e_r_22:0.709191
e_r_22_err:0.00983987
e_r_01:0.00786034
e_r_01_err:0.000163613
e_r_02:0.000145534
e_r_02_err:0.0000252
R:12.4962
a_l_1:0.55251
a_l_1_err:0.00248
a_l_2:0.55291
a_l_2_err:0.00824
lumi:2111.0